              precision    recall  f1-score   support

           0       0.27      0.02      0.03       329
           1       0.20      0.07      0.10        74
           2       0.00      0.00      0.00       160
           3       0.40      0.98      0.56      1185
           4       0.27      0.04      0.08       478
           5       0.25      0.01      0.02       162
           6       0.67      0.00      0.01       680

    accuracy                           0.39      3068
   macro avg       0.29      0.16      0.11      3068
weighted avg       0.39      0.39      0.24      3068
