              precision    recall  f1-score   support

           0       0.64      0.67      0.66       329
           1       0.00      0.00      0.00        74
           2       0.57      0.05      0.09       160
           3       0.80      0.88      0.84      1185
           4       0.57      0.49      0.53       478
           5       0.55      0.53      0.54       162
           6       0.59      0.73      0.66       680

    accuracy                           0.68      3068
   macro avg       0.53      0.48      0.47      3068
weighted avg       0.66      0.68      0.65      3068
