              precision    recall  f1-score   support

           0       0.68      0.57      0.62       329
           1       0.56      0.07      0.12        74
           2       0.82      0.06      0.11       160
           3       0.70      0.86      0.77      1185
           4       0.44      0.23      0.30       478
           5       0.64      0.31      0.42       162
           6       0.53      0.78      0.63       680

    accuracy                           0.62      3068
   macro avg       0.62      0.41      0.42      3068
weighted avg       0.62      0.62      0.58      3068
