              precision    recall  f1-score   support

           0       0.41      0.43      0.42       329
           1       0.22      0.09      0.13        74
           2       0.14      0.09      0.11       160
           3       0.62      0.74      0.67      1185
           4       0.39      0.33      0.36       478
           5       0.53      0.22      0.31       162
           6       0.48      0.47      0.48       680

    accuracy                           0.51      3068
   macro avg       0.40      0.34      0.35      3068
weighted avg       0.49      0.51      0.49      3068
