              precision    recall  f1-score   support

           0       0.68      0.71      0.70       329
           1       0.45      0.20      0.28        74
           2       0.58      0.12      0.20       160
           3       0.81      0.87      0.84      1185
           4       0.62      0.53      0.57       478
           5       0.63      0.67      0.65       162
           6       0.63      0.74      0.68       680

    accuracy                           0.71      3068
   macro avg       0.63      0.55      0.56      3068
weighted avg       0.70      0.71      0.69      3068
