              precision    recall  f1-score   support

           0       0.62      0.58      0.60       329
           1       0.43      0.04      0.07        74
           2       0.44      0.03      0.05       160
           3       0.75      0.86      0.80      1185
           4       0.51      0.46      0.48       478
           5       0.57      0.51      0.54       162
           6       0.58      0.70      0.64       680

    accuracy                           0.65      3068
   macro avg       0.56      0.45      0.45      3068
weighted avg       0.63      0.65      0.62      3068
