              precision    recall  f1-score   support

           0       0.35      0.34      0.34       329
           1       0.12      0.28      0.17        74
           2       0.10      0.68      0.17       160
           3       0.75      0.62      0.68      1185
           4       0.28      0.21      0.24       478
           5       0.45      0.21      0.29       162
           6       0.29      0.00      0.01       680

    accuracy                           0.36      3068
   macro avg       0.33      0.34      0.27      3068
weighted avg       0.46      0.36      0.37      3068
